0000010101100000000000000111000100000100000000
0000000101100000000000000000000000000100000000
0000000000000000000000000111000100000100000000
0000100000000000000000000000000000000001000000
0000000000000000000000101011000100000011000000
0000001001000000000000000000000000000101000000
0000000000000000000110000000000000000000000000
0000000000000000100110000000000000000000000000
0000000000010001000110000000000000000000000000
0000000000010001100110000000000000000000000000
0000000000100010000110000000000000000000000000
0000001010000010000000000000000000000000000000
0000001010010010000000000000000000000000000000
0000001010100010000000000000000000000000000000
0000000000000000000000100011000000000000001111
0000000000000100000010000000000000000000000000
0000000000000000000000100010000000110000000000
0000000000000000000000100010000000110000000000
0000000000000000000001000011000000000000001111
0000000000000000000001000011000000000000001111
0000000000000000000001000011000000000000001111
0000000000000000000000100011000000000000001111
0000000000000000000010000000000000000000000000
0000000000000000000000110011001100000000010110
0000000000000000000000110011010000000000010110
0000000000000000000000110011010100000000010110
0000000000000100001010000000000000000000010110
0000000000000000000000101011011000000000010110
0000000000000000000000101011011100000000010110
0000000000000000000000100011100000000010011110
0000000000000000000000001111000100000000100000
0000000000000000000000000000000000000000000000
0010100000000000000000000000000000000000000000
0000000000000000000000110111100000000010011110
0100100000000000000000000000000000000000000000
0100100000001000000010000000000000000000000000
0110100000000100000010000000000000000000000000
0110100000000000000000000000000000000000000000
0000000000000100010010000000000000000000000000
0000000000000100001110000000000000000000000000
0000000000000000000000000000000000000110000000
0000000000000000000000000000000010100000000000
0000000000000000000000000000000001010000000000
1000100000000000000000000000000000000000000000
0000000000000000010110000000000000000000000000
0000000000000100000000000000000000001000000000
0000000000000000000000000000000000000000110001
0000000000000000000000110011001000000000010110
0001000000000000000000000000000000000000110001
1010100000000000000000000000000000000000000000